478.0 1121.0
582.0 1033.0
549.421056 1197.379584
547.4304 1194.3936
582.0 1033.2
549.91872 1196.88192
450.0 1045.0
86.593536 716.63616
272.3217408 956.7092736
304.570368 487.3125888
185.131008 636.014592
75.6 690.0
188.116992 695.734272
450.0 1045.2
72.16128 704.19456
304.570368 486.715392
319.500288 630.042624
76.0 690.0
250.822656 763.2175104
194.08896 770.383872
247.2394752 705.8866176
310.542336 630.042624
189.9085824 695.1370752
261.5721984 773.9670528
307.556352 558.379008
303.57504 415.54944
316.514304 558.379008
238.87872 554.89536
211.4076672 902.9615616
248.832 626.2272
200.6581248 831.2979456
256.794624 701.70624
93.6 672.48
307.556352 549.421056
318.50496 629.54496
241.864704 633.028608
241.864704 421.023744
236.4899328 562.5593856
382.205952 627.05664
247.836672 561.364992
311.04 629.54496
376.233984 474.771456
322.486272 630.6398208
235.892736 492.68736
343.9853568 956.7092736
248.832 624.56832
376.233984 483.729408
328.45824 770.383872
74.88 689.76
315.3199104 487.3125888
236.3904 482.73408
158.976 1054.08
275.9049216 902.9615616
89.57952 716.63616
70.5024 702.9504
385.191936 698.720256
200.060928 830.103552
76.0 679.0
257.9890176 695.1370752
447.8976 408.4826112
257.9890176 705.8866176
394.149888 838.4643072
271.6416 955.9296
304.8192 485.2224
251.32032 632.03328
401.3162496 956.7092736
313.52832 477.75744
197.074944 773.9670528
214.990848 952.528896
253.80864 694.24128
555.393024 1203.9487488
673.6379904 537.47712
308.1535488 548.2266624
209.01888 900.77184
254.4058368 634.2230016
385.6896 691.75296
187.2 698.4
253.80864 692.748288
336.8189952 838.4643072
457.85088 689.26464
477.6 1120.8
311.7367296 634.2230016
244.8 555.84
247.836672 704.692224
311.04 477.75744
343.38816 955.51488
240.0731136 634.2230016
394.149888 827.7147648
388.17792 761.42592
251.32032 763.91424
246.34368 562.36032
247.836672 552.40704
315.3199104 476.5630464
447.552 404.352
316.514304 549.421056
319.500288 770.383872
125.411328 985.37472
674.832384 680.804352
468.799488 758.439936
244.850688 695.734272
525.533184 549.421056
122.0 838.0
560.4 1226.4
124.416 980.39808
265.4208 893.7216
376.233984 472.9798656
125.411328 982.388736
315.1872 557.7984
406.093824 901.767168
385.191936 689.762304
375.73632 475.26912
526.7275776 551.8098432
241.36704 624.56832
304.570368 476.5630464
121.2 838.8
323.4816 694.24128
530.3107584 404.8994304
403.10784 955.51488
329.6526336 773.9670528
263.76192 893.30688
77.635584 710.664192
70.56 704.16
388.17792 546.435072
250.822656 761.42592
385.6896 553.6512
376.233984 483.729408
70.848 703.296
243.6562944 695.1370752
238.464 555.7248
459.841536 767.397888
326.0694528 691.5538944
674.33472 681.79968
218.5740288 953.1260928
378.22464 554.89536
400.61952 828.61056
447.8976 480.1462272
312.48 627.84
560.0 1226.0
314.496 556.416
244.850688 492.68736
458.6471424 469.3966848
465.813504 616.3070976
385.191936 474.771456
601.9743744 684.3875328
241.92 483.84
156.76416 1052.55936
389.8368 626.2272
383.20128 482.73408
236.3904 483.1488
558.72 1198.08
403.10784 836.07552
86.4 717.12
316.01664 701.70624
249.12 630.72
531.505152 764.411904
528.519168 403.10784
533.8939392 834.8811264
671.8464 618.098688
543.449088 1203.351552
97.4592 675.9936
327.6288 769.3056
603.4176 761.0112
391.163904 618.098688
157.5936 1053.3888
270.72 898.56
246.34368 694.24128
315.1872 551.5776
236.4899328 551.8098432
380.16 552.96
252.9792 763.0848
527.52384 614.61504
386.9835264 472.9798656
155.271168 1051.066368
242.6112 632.448
214.272 953.856
398.1312 900.77184
474.8544 955.9296
600.182784 612.12672
400.2048 835.6608
132.5776896 1049.8719744
525.03552 542.45376
449.9712 479.0016
