474.0 1083.0
580.0 985.0
549.421056 1137.659904
545.3568 1134.2592
580.32 986.4
547.4304 1137.16224
447.0 1004.0
83.607552 668.860416
265.1553792 874.2961152
308.1535488 541.0603008
179.15904 546.435072
70.8 643.2
185.131008 609.140736
446.4 1005.12
67.18464 656.91648
308.55168 539.96544
391.163904 609.140736
72.0 643.0
258.78528 811.19232
191.102976 683.790336
390.5667072 752.467968
240.0731136 616.3070976
186.3254016 609.140736
257.9890176 687.9707136
234.3168 402.2784
301.584384 328.45824
247.836672 543.449088
307.556352 531.505152
204.2413056 820.5484032
328.45824 743.510016
197.074944 745.3016064
261.2736 751.47264
89.28 597.6
238.87872 534.491136
315.1872 539.136
232.906752 403.10784
240.0731136 333.2358144
300.9871872 397.7330688
453.869568 606.154752
247.2394752 472.9798656
244.8 541.44
453.869568 597.1968
394.149888 609.140736
248.832 684.288
340.402176 874.2961152
329.6526336 741.7184256
311.7367296 612.7239168
396.0576 748.5696
70.56 642.24
318.9030912 541.0603008
247.2394752 673.6379904
152.064 1012.608
268.73856 820.5484032
82.4131584 670.0548096
66.3552 657.3312
389.8368 748.5696
194.08896 746.496
70.8 632.4
254.4058368 605.5575552
444.911616 319.500288
251.32032 614.61504
315.3199104 469.3966848
535.68 872.64
388.17792 749.481984
256.794624 683.790336
397.7330688 874.2961152
247.2394752 462.2303232
189.9085824 687.9707136
209.01888 874.893312
311.04 604.66176
551.8098432 1143.0346752
673.6379904 591.224832
379.8171648 526.7275776
203.046912 818.159616
250.822656 544.6434816
450.883584 525.533184
183.168 609.984
304.8192 462.4128
397.7330688 680.804352
376.233984 465.813504
474.0 1082.4
236.4899328 476.5630464
247.836672 674.832384
316.514304 683.790336
308.9664 389.8368
337.416192 874.893312
257.9890176 820.5484032
325.472256 809.201664
378.22464 530.01216
246.34368 676.82304
243.85536 472.7808
316.514304 531.505152
386.9835264 455.0639616
398.88 875.52
308.55168 532.50048
241.36704 403.10784
118.2449664 938.7933696
335.9232 877.1328
379.219968 528.519168
469.3966848 738.1352448
376.233984 465.813504
116.0 792.0
559.2 1162.8
116.95104 938.09664
260.4 811.2
264.384 817.344
119.43936 937.598976
327.6288 750.6432
459.841536 525.533184
531.505152 737.538048
373.248 385.6896
243.85536 614.61504
236.4899328 533.8939392
308.1535488 530.3107584
115.2 793.44
246.7584 537.0624
238.464 331.776
398.1312 875.88864
261.5721984 756.0511488
256.794624 809.201664
74.6496 662.888448
66.24 658.08
391.163904 600.182784
257.9890176 809.7988608
320.99328 751.47264
379.219968 537.47712
65.664 656.64
250.822656 745.3016064
236.3904 466.56
388.17792 537.47712
376.233984 455.0639616
671.8464 591.224832
207.8244864 874.2961152
399.168 815.616
396.0576 742.3488
301.584384 397.135872
316.8 679.68
559.0 1162.0
309.312 539.136
240.5376 402.2784
310.542336 388.17792
394.149888 680.804352
388.17792 528.519168
310.542336 603.168768
244.8 537.12
149.2992 1012.74624
455.0639616 379.8171648
458.6471424 462.2303232
250.9056 607.5648
557.28 1137.6
334.430208 818.159616
81.216 670.464
240.5376 543.2832
264.0 814.8
250.822656 615.112704
522.5472 313.52832
315.3199104 684.3875328
671.8464 668.860416
540.463104 1143.631872
664.8 1117.2
259.2 749.952
457.92 675.648
394.149888 671.8464
151.3728 1011.9168
311.04 466.56
244.8 607.68
254.016 677.376
315.3199104 673.6379904
462.82752 606.154752
259.2 810.7776
249.12 676.8
380.71296 385.6896
149.2992 1012.248576
310.542336 612.12672
207.36 875.0592
316.514304 540.463104
472.7808 873.40032
241.864704 606.154752
382.205952 385.191936
122.425344 1006.276608
376.233984 456.855552
383.20128 609.6384
